WORLD -141 141 -150 150 8.611353409217744 45.96638080295648 25.18713163863888 25.123751497973377
[0 -22 146]
[0 -24 146]
[0 -23 146]
[0 -22 145]
[0 -24 145]
[1 -24 144]
[4 -23 143]
[4 -24 143]
[5 -24 142]
[6 -25 142]
[7 -25 141]
[7 -26 142]
[8 -24 140]
[8 -26 140]
[8 -24 141]
[9 -27 139]
[10 -27 138]
[10 -25 139]
[11 -28 140]
[11 -27 137]
[11 -26 139]
[12 -26 138]
[12 -26 137]
[12 -28 137]
[12 -24 138]
[12 -29 140]
[13 -25 137]
[13 -27 136]
[13 -25 138]
[13 -27 140]
[13 -29 136]
[14 -26 136]
[14 -28 141]
[14 -26 135]
[15 -25 135]
[15 -24 136]
[15 -30 137]
[16 -29 137]
